# Grid Statistics from PythonStep Workflow
shape: (22, 52, 50)
total_cells: 57200
non_zero_cells: 28683
sparsity: 0.49854895104895103
min_value: 0.0
max_value: 149.3086395263672
mean_value: 2.030700206756592
std_value: 3.166982650756836
non_zero_min: 0.00035933530307374895
non_zero_max: 149.3086395263672
non_zero_mean: 4.049647331237793
non_zero_std: 3.4388198852539062
non_zero_median: 3.3917343616485596
non_zero_percentiles:
  25: 1.5849025249481201
  50: 3.3917343616485596
  75: 5.780644416809082
  90: 8.280742645263672
  95: 9.862558364868164
  99: 13.15985107421875
